0,16.7737569179
1,21.4966612115
2,10.9314246705
3,23.1192572359
4,13.6522518959
5,25.249880265999998
6,19.9845852549
7,16.5110805718
8,25.9621166749
9,21.744166399
10,18.915247896700002
11,23.3392127794
12,18.927364697799998
13,22.099416429899996
14,33.262138444899996
15,20.3606821564
16,27.47352974
17,20.1054518217
18,21.867528106199998
19,20.190361265099998
20,19.9221784181
21,18.4153629101
22,22.8243860221
23,24.995484529099997
24,30.5872476746
25,12.334957096400002
26,31.1754073038
27,30.5681717275
28,26.890251478299998
29,28.505256043299998
30,17.759995386
31,25.3794000486
32,16.8328294142
33,10.7734227942
34,32.2171959621
35,29.042957207199997
36,28.7727087332
37,20.8274410472
38,7.269237745800001
39,29.370693002
40,24.1199169906
41,19.351652739000002
42,31.245571874
43,29.7982648965
44,20.8420886948
45,27.1826871914
46,27.452317323899997
47,32.818582502
48,33.9456048132
49,15.159612969300001
50,10.2799565763
51,21.843972925
52,24.5070770144
53,27.298890159499997
54,29.5614456894
55,26.292386378099998
56,26.727576864099998
57,27.2589924488
58,29.6160096565
59,27.4690840642
60,29.0583642498
61,24.805466779499998
62,24.7368946457
63,27.9048604646
64,19.3066822807
65,8.4689595695
66,17.749163141300002
67,24.097585293
68,9.0643538029
69,28.172883661700002
70,28.1571113204
71,22.2368755132
72,25.8706389676
73,10.363713047300001
74,9.7205370327
75,10.3170898036
76,11.600298327
77,12.602247813
78,29.995283368400003
79,19.700042641
80,26.484018434099998
81,31.5457844319
82,24.4003087213
83,30.8319058181
84,28.624328851399998
85,26.989534049299998
86,27.9319729525
87,8.6263999541
88,29.694930235900003
89,13.4409185848
90,26.020190154
91,26.4929083477
92,8.745722008
93,28.3300716702
94,35.8896447177
95,31.9467467279
96,30.1657544389
97,31.629732453600003
98,21.8658071238
99,23.7945661269
100,32.6585929618
101,37.8673880433
102,38.2415758656
103,29.5572579932
104,18.4677531074
105,33.5511990045
106,27.55502508
107,18.885786520499998
108,19.0808078528
109,11.311795636800001
110,24.7318400083
111,26.77494274
112,19.5820711801
113,21.27048098
114,19.1269363035
115,13.207165368
116,7.2775441381
117,15.1078188367
118,25.4440641514
119,30.1165258158
120,17.6062353625
121,26.1924242159
122,17.7738616052
123,32.974418670700004
124,7.7422437464
125,23.4747450966
126,22.5295824136
127,21.506174205500002
128,24.7112066248
129,29.179741960500003
130,23.8790190934
131,24.907493683000002
132,10.2774895503
133,17.9182872499
134,26.829653969899997
135,27.0171813391
136,31.1911923386
137,31.181297454299997
138,34.5903663338
139,25.6270130066
140,24.001341403
141,16.8693122476
142,28.994167815300003
143,31.478456022899998
144,33.2396941615
145,33.2554926913
146,35.152031383
147,34.9510303489
148,35.3036217746
149,35.5697440626
150,35.0527632017
151,36.2241093468
152,36.1348962545
153,34.3420114086
154,38.6862620271
155,37.2730588538
156,37.3506947088
157,13.797537636900001
158,37.1466712899
159,38.7456731781
160,26.7201951129
161,30.3283124439
162,25.793359121199998
163,26.728230958
164,31.6648146007
165,38.0099605173
166,38.554490181700004
167,39.8448072656
168,37.4652203169
169,29.496912760100003
170,39.208140862600004
171,29.6811279627
172,24.4340464484
173,20.1024695072
174,27.4336695029
175,7.293352145499999
176,33.6874687447
177,22.7808776106
178,20.19568
179,24.6591390619
180,25.8791565083
181,22.910987514099997
182,25.5587058055
183,22.3721624078
184,25.550847734
185,10.828273881500001
186,26.226491222399996
187,26.308882487600002
188,33.2453255563
189,5.6079252215999995
190,6.7930133681
191,29.2829144646
192,28.3602083421
193,26.436416357600002
194,24.9475022304
195,25.4028806277
196,25.495238714699997
197,24.0755116416
198,28.221159458000002
199,28.569301782300002
200,24.0900325709
201,23.930968052399997
202,22.583869979
203,14.938710988499999
204,5.5605146296
205,24.8417545046
206,26.1007875377
207,31.151751058800002
208,26.620886728200002
209,20.327629796700002
210,8.6535540417
211,16.232928094400002
212,27.36263721
213,20.8783896947
214,32.9150549193
215,28.830292981
216,20.4468612576
217,35.5914313112
218,28.4357158246
219,29.671261402600003
220,25.7885646835
221,23.288852529899998
222,27.2500265896
223,12.9856435417
224,26.4104311027
225,30.492777422600003
226,30.0571186114
227,27.8195551564
228,10.3413141817
229,20.322379473199998
230,22.6813984496
231,24.5787921127
232,25.9103088279
233,21.143464754
234,17.580366556199998
235,24.800271325
236,25.6686189033
237,19.2032818207
238,15.3632878394
239,14.360449937
240,15.5453600151
241,22.0968405431
242,4.6146138093
243,5.785226434299999
244,6.9153472958
245,8.587697387
246,3.9962692409
247,17.739745163800002
248,21.648951181399998
249,23.8557037359
250,22.2048825814
251,26.3777248676
252,23.8322776362
253,18.8292516002
254,16.9452196602
255,24.7889841892
256,26.701259315500003
257,28.8349215849
258,28.340148710999998
259,19.5041931054
260,18.6270754142
261,20.086122394
262,18.3888719822
263,18.9416920552
264,19.0548710743
265,19.4174018967
266,19.7995576753
267,10.6856362563
268,21.776773048499997
269,21.577696772399996
270,18.9629498656
271,19.0261787155
272,16.9462287908
273,19.3070305754
274,13.783133169300001
275,15.2355198733
276,13.1265804299
277,10.7143546257
278,9.8510218616
279,5.967882531799999
280,14.3664753653
281,20.8401170416
282,5.5049350602
283,4.1777881738
284,10.2828122427
285,29.2035045048
286,24.6193957747
287,24.580397908600002
288,18.3547781404
289,23.7832649969
290,25.079680582399998
291,25.606972416599998
292,28.541557901999997
293,28.0226947733
294,28.8533253245
295,28.882039881100003
296,28.117345786599998
297,22.6317243409
298,19.2307198149
299,27.1310015812
300,24.3588141719
301,27.482758882
302,6.4099621261
303,19.6012506953
304,19.4796057769
305,7.627973051000001
306,7.517314578300001
307,23.179142053099998
308,9.0146512885
309,19.988271124100002
310,15.0968795195
311,18.1338607351
312,5.1571442261
313,23.4431358816
314,20.7451756399
315,20.1883969143
316,21.8840351427
317,13.874478209500001
318,22.1366442044
319,21.102582018499998
320,22.4681479329
321,21.1497927174
322,13.225950470299999
323,13.5409688194
324,23.5633354265
325,24.6744102481
326,19.3143312616
327,16.258730528599997
328,23.3943293014
329,22.4219975014
330,16.6526368894
331,25.0778311489
332,18.1011094221
333,24.5635633464
334,26.637708370100004
335,22.5048703675
336,27.846549137199997
337,22.4321622935
338,12.267410771700002
339,27.0336593978
340,24.477689766599998
341,21.302522537
342,22.9588709421
343,20.241948975
344,23.9929019838
345,18.5083152523
346,23.207246958000002
347,21.3192290216
348,18.6887019452
349,25.3101591415
350,21.491174595900002
351,26.0628772245
352,6.6161592823
353,11.4185220101
354,5.258628879
355,6.864447445800001
356,8.7161440441
357,10.4153599136
358,30.898791724099997
359,11.6609224304
360,19.4896263581
361,8.1881068432
362,16.585118748499998
363,8.5363104435
364,13.762264498499999
365,8.9934786478
366,5.9194265521
367,18.5164725097
368,22.4807733054
369,16.8675939066
370,20.4496808975
371,21.628130142699998
372,14.2966817165
373,19.3658321693
374,7.9783107414
375,7.9429121123
376,6.9404558299
377,19.5901654428
378,10.4476613412
379,24.034395817600004
380,19.8837831524
381,21.8218490611
382,17.6130710901
383,17.6294167755
384,20.527407447599998
385,17.2624695104
386,10.402289807799999
387,15.576828810599999
388,9.0937764548
389,19.1997915564
390,18.3418702548
391,19.1104179772
392,9.9034836382
393,17.3487197011
394,14.3521059988
395,13.208493685799999
396,4.9632424837
397,6.1823934972000005
398,17.794429019000003
399,10.7813464373
400,6.7959662734
401,7.5591072807
402,13.0453612438
403,20.023786998800002
404,14.352905012799999
405,9.4665510759
406,13.847612760699999
407,3.7738651831
408,8.9416555777
409,20.4164968226
410,14.484350916099999
411,13.6227878776
412,11.862674789100002
413,19.9915376806
414,18.988047492899998
415,24.634751846100002
416,36.1234855699
417,29.2890685419
418,5.9258249459000005
419,26.605489891599998
420,23.9405638755
421,38.9739307209
422,28.3919529149
423,25.8340786516
424,3.2340125860000004
425,9.3403315055
426,5.354906886
427,1.6718863044
428,6.9182524602
429,12.285961746099998
430,10.6890225737
431,9.6903436763
432,18.7823689171
433,13.5165268505
434,27.061479314699998
435,19.093970185499998
436,12.3885401804
437,23.399277890300002
438,20.065542495
439,6.9568136332
440,12.6940838928
441,10.939595248800002
442,13.2435286902
443,13.2029854164
444,7.2548032915
445,16.3726397427
446,14.381430549500001
447,13.0146658271
448,15.8759021498
449,13.268474398399999
450,15.164258041199998
451,16.7143977434
452,14.520158296300002
453,9.455990613700001
454,16.1914017973
455,6.4680332717999995
456,7.975131816499999
457,6.7164777551
458,6.740495352000001
459,8.3453346058
460,7.916212926
461,11.419535478299998
462,6.874697415499999
463,7.4056454615
464,13.071800939400001
465,18.0532130463
466,19.8297882957
467,6.7270100966
468,7.5789813461
469,15.8752625949
470,17.8401322221
471,10.6575146127
472,8.0207634409
473,13.075323558
474,15.6863638321
475,13.3091921699
476,9.039881721699999
477,6.9057470701999994
478,4.2485842571
479,8.8743367153
480,14.2666032777
481,16.9090694638
482,14.280038975999998
483,6.722316816599999
484,12.686197090899999
485,17.1061728191
486,14.486227595899999
487,16.4748717525
488,18.5964043587
489,18.5415749473
490,18.140194846099998
491,16.7491068066
492,18.97827556
493,20.2123614661
494,19.4261675359
495,17.4837264074
496,17.8039686913
497,18.8951246543
498,16.9541124229
499,17.280881166300002
500,16.0451358029
501,23.146750990799998
502,23.0746433121
503,22.9088648354
504,20.834346808499998
505,19.7932096254
506,19.034881577300002
507,17.6111756527
508,19.1289608764
509,18.1878688166
510,19.5381281562
511,15.333127598299999
512,12.112142486
513,13.6678838184
514,11.8022348099
515,8.6770114204
516,8.5542584383
517,15.509072717899999
518,15.6723938333
519,21.2172925653
520,21.070580295899997
521,19.2026569267
522,19.059578893599998
523,22.583939005500003
524,21.5116874048
525,18.338071735499998
526,22.0224920128
527,22.1666071085
528,14.8058130782
529,12.649993518499999
530,17.88977331
531,7.8683985535000005
532,7.7356925506
533,12.6027974208
534,5.5138281178
535,16.845268203
536,19.023876846
537,9.010947439099999
538,17.8252979861
539,20.524566393900002
540,8.1618209452
541,19.2980293486
542,23.4562498392
543,23.9144397667
544,21.647773124
545,23.395736862600003
546,25.2872025339
547,23.406021015300002
548,16.0929818474
549,19.4893478382
550,10.3400738276
551,18.2298826605
552,14.1361189232
553,14.356134848800002
554,8.4964134254
555,11.1622779342
556,22.7117150792
557,16.3380232371
558,21.7758268427
559,18.0221927152
560,20.3510115933
561,20.3149436629
562,17.851179232699998
563,20.610389526600002
564,9.589164759700001
565,20.0750965207
566,20.608726211700002
567,19.0433465148
568,17.874613578199998
569,19.8906357692
570,20.9243665528
571,21.672639945300002
572,20.9592498686
573,9.2665352023
574,19.6238365267
575,17.4853297221
576,21.7804101421
577,20.9835809287
578,20.1578832881
579,18.5598407271
580,18.5662995048
581,21.1123234432
582,20.7868008919
583,19.3777859535
584,19.4629045091
585,17.5769994227
586,17.700420674700002
587,19.233254505799998
588,17.8167940366
589,14.972676581400002
590,21.6136599206
591,22.887072401599998
592,21.2101649939
593,19.4110139047
594,11.076900833699998
595,8.8090061814
596,12.8221557876
597,12.2000368485
598,10.5829607105
599,13.5972972243
600,17.3662119622
601,12.2604671044
602,19.9011885143
603,11.3648356623
604,13.6758755329
605,13.2592415923
606,12.8430939768
607,11.8175457916
608,12.624989873099999
609,15.8654478982
610,19.3952308777
611,9.0194551393
612,9.2253262086
613,10.796950601099999
614,11.6735321773
615,9.2519847892
616,16.602346471300002
617,15.320496916
618,14.8184396899
619,15.6737152877
620,15.466185463599999
621,16.2644943472
622,10.8442226818
623,19.3984364781
624,6.5648885716
625,8.8076122336
626,8.7733730837
627,8.8359442752
628,6.9073526361
629,7.4088941786
630,5.678496614
631,8.3821639922
632,11.718065429000001
633,11.4805561029
634,3.9731014125
635,4.7250274399
636,17.4819004802
637,10.5468926942
638,6.4846140376
639,8.166413732899999
640,6.6452617125
641,10.7399470548
642,5.849288680800001
643,6.8802362016
644,6.2334042365
645,6.9922085038
646,15.850884089000001
647,6.1970103845
648,23.4111630569
649,16.0780721322
650,10.876126618399999
651,14.5601787172
652,14.650599017000001
653,5.4405899717
654,14.9877836297
655,10.182195325599999
656,4.7734298418
657,15.7334802399
658,7.0430893699
659,11.736999161500002
660,15.8989035695
661,14.8900556688
662,15.8935825909
663,19.8101463354
664,16.438114359500002
665,12.435800562999999
666,9.4053658697
667,5.997489625499999
668,18.076583287000002
669,18.9513663621
670,19.1703336584
671,20.778658886
672,6.6104402361000005
673,7.970753245399999
674,9.0021626254
675,9.7540149671
676,6.9096069691999995
677,15.559403386400001
678,14.805088193
679,23.459335065999998
680,21.7441509213
681,15.402555740699999
682,16.3544736982
683,16.4359337906
684,24.051442601399998
685,22.846548930300003
686,12.7467636021
687,14.966424256700002
688,13.9623723831
689,13.7386494544
690,22.1737321696
691,17.6826806298
692,17.4787840346
693,19.1777909603
694,16.8162313206
695,23.0059857091
696,19.3357437409
697,18.0173579146
698,19.0884889549
699,15.7300100418
700,17.6917765733
701,20.300921146700002
702,22.374793857100002
703,16.695685553900002
704,17.052431917
705,19.6495717413
706,15.0020105923
707,20.283310845
708,16.3174041033
709,5.3748314515999995
710,19.6805113154
711,15.812416238900001
712,6.2694809737
713,6.644667885900001
714,15.1327480539
715,6.1676112172
716,6.7008784598
717,8.5311357867
718,6.328066070399999
719,15.0799201619
720,18.560513109000002
721,6.109067121
722,18.4347661479
723,7.2671700536
724,8.2401736862
725,9.6050160345
726,6.8586093976999996
727,27.2073969864
728,8.072649438500001
729,13.495779962
730,12.7471915881
731,12.662974896600002
732,14.525823298599999
733,16.1239748835
734,10.1040855214
735,5.1294548420999995
736,5.9190944165
737,6.9457016254
738,15.275672708699998
739,14.7163702172
740,5.6743991356
741,5.6765500229
742,14.7316922921
743,16.3407937915
744,20.8190193695
745,20.604241843
746,17.1149950583
747,23.4968455025
748,12.8285176659
749,5.427807415499999
750,5.4817062919
751,17.1368599167
752,16.9395912473
753,8.764714385
754,7.275209898
755,8.5728877222
756,5.5149346888
757,14.420206273800002
758,10.4596448942
759,15.8206801805
760,14.748605886099998
761,13.4609808288
762,5.8123567534000005
763,16.8987845099
764,13.7291208737
765,12.1508887923
766,23.178794383299998
767,10.769733472999999
768,16.3308183222
769,8.5825738396
770,13.3530493311
771,14.4934692844
772,5.8862898614
773,17.5513151059
774,21.906447045
775,20.0732119933
776,12.2410833516
777,38.885861113000004
778,37.0730201181
779,38.478335249299995
780,36.499403280900005
781,34.9822634018
782,39.432463489
783,41.9414577652
784,44.159790665600006
785,45.4642693494
786,30.308418689099998
787,36.3867881666
788,40.0258100984
789,40.0757566626
790,33.6840655867
791,33.6256674453
792,34.0105836632
793,30.085598174
794,29.8626725594
795,26.063369612600003
796,42.4597953763
797,39.8614039415
798,24.687057809000002
799,38.6330449809
800,38.6539673816
801,36.9480312635
802,31.2694282594
803,34.519321265500004
804,42.443017648899996
805,36.9540044074
806,17.9965784628
807,16.0877875385
808,17.399502255599998
809,37.4265588258
810,29.4752636607
811,14.1847395788
812,27.205599058
813,31.0508302125
814,26.1107144539
815,35.0916670856
816,32.9801918115
817,12.390114493699999
818,19.5285557017
819,31.352981089
820,31.2243246315
821,9.3327296949
822,13.1392869528
823,10.3297054703
824,10.3448507033
825,25.970718094299997
826,30.8118625998
827,26.6542558058
828,29.1983161759
829,26.560536169499997
830,25.6017407385
831,23.417138209
832,34.1824721113
833,23.9450822194
834,29.5882629144
835,32.3490207669
836,32.7986754709
837,23.283781916
838,19.9956791559
839,16.4496359699
840,27.886237962600003
841,22.4654205181
842,32.227599936
843,32.1116554104
844,13.1412962399
845,27.9766104196
846,18.2683804105
847,33.8346210827
848,33.427947286
849,34.7609919653
850,36.1882600821
851,23.827509389
852,36.4383106552
853,21.0266238879
854,25.4873127388
855,32.412892914400004
856,28.5121713646
857,30.3860685262
858,21.703296842399997
859,9.5103771886
860,13.9538252571
861,22.337124590300004
862,13.7907424853
863,14.7121830044
864,8.5572133256
865,28.8470542246
866,24.5984077736
867,26.3651890535
868,28.8028691645
869,16.6215955296
870,23.227562519899998
871,19.9905443382
872,21.7211954177
873,33.174885678
874,35.185856836999996
875,45.5421963203
876,38.1608361446
877,34.5836926147
878,26.588337653099998
879,25.625329637800004
880,27.387520810100003
881,28.4416364535
882,26.8248130777
883,29.8275765502
884,31.123360460100002
885,30.176167258099998
886,28.026142395900003
887,31.443666991500002
888,28.9378450548
889,25.4036763081
890,26.440005280799998
891,28.3211832308
892,25.8596538178
893,30.6561680107
894,22.3866229785
895,28.0353520442
896,24.715865569699996
897,29.150972337
898,31.510629564299997
899,26.3599783786
900,24.0308461531
901,15.228026188
902,8.278617647999999
903,10.114961433
904,17.9267970721
905,14.024247978800002
906,26.5666390183
907,15.543240259200001
908,19.2039981164
909,18.8448582042
910,22.2695376042
911,21.6414040011
912,16.281204116199998
913,11.920530079
914,18.5416429696
915,31.144504679
916,33.7661801013
917,22.4316515121
918,21.2889499084
919,31.0310765447
920,22.8855356375
921,38.351806730999996
922,20.2403810273
923,29.671130308600002
924,23.9621102663
925,19.0034591085
926,38.4658310835
927,32.795941461700004
928,33.4621442594
929,23.9613291631
930,40.677493762800005
931,42.5953929202
932,39.7182521862
933,33.5288752397
934,34.755699564299995
935,40.4992579201
936,40.010436396799996
937,41.9162418636
938,27.697877952600003
939,32.4052632632
940,25.973048341
941,28.5695990077
942,29.245281501500003
943,26.287613147600002
944,29.4483639892
945,28.886901233000003
946,34.0726285464
947,27.573842428800003
948,41.8897911056
949,38.106841702
950,40.082840393000005
951,45.5750529859
952,42.404177099
953,36.6348218411
954,40.6451388403
955,36.7878015304
956,36.8905562013
957,37.7126249988
958,44.0550161643
959,32.258744513
960,37.4184094773
961,29.7220872154
962,36.8671993793
963,36.5989013877
964,35.5305144569
965,31.9959825888
966,26.1770834755
967,29.5685219296
968,35.7795622293
969,41.7616037955
970,36.29939312
971,35.7376483621
972,37.8558906386
973,29.2359376941
974,36.0115719218
975,36.8792367464
976,36.2446389924
977,39.7939672963
978,35.754717027
979,26.2042854407
980,17.747199326
981,26.0419123986
982,30.585719082199997
983,23.723651373200003
984,18.901758663
985,30.030046235500002
986,31.6310895019
987,30.7825276679
988,28.4184272154
989,33.173716816
990,27.7820210629
991,30.065707689299998
992,35.2198381851
993,30.6399576404
994,33.6806717586
995,30.3433492221
996,38.5983690515
997,33.884390846399995
998,31.498287799499998
999,12.9544644533
1000,5.9733223204999994
1001,6.1624315544
1002,12.8525786452
1003,23.6886266368
1004,21.3992526537
1005,22.997859837600004
1006,20.0933853591
1007,14.5987310507
1008,34.2373378539
1009,33.6225605143
1010,22.082610455500003
1011,26.0425770256
1012,24.157368604699997
1013,31.1407688879
1014,24.378893388
1015,21.2331882781
1016,27.3637051662
1017,22.1218939855
1018,21.4752299681
1019,17.977439691199997
1020,23.6257599376
1021,8.6460425892
1022,16.5277172708
1023,24.884682812399998
1024,7.3595525296
1025,17.3900483925
1026,15.8448269551
1027,23.2341492454
1028,51.824976061
1029,31.4553654384
1030,38.0997761889
1031,36.052003051999996
1032,30.4613740329
1033,22.882326654299998
1034,38.8597728196
1035,38.2367945122
1036,33.5822493635
1037,43.473971976
1038,32.0893800379
1039,30.7811461929
1040,33.962952006799995
1041,41.8979290515
1042,39.767098555
1043,22.3488444961
1044,23.7624832951
1045,25.507285892
1046,26.6919748019
1047,22.106191185100002
1048,22.171769601599998
1049,22.877329647800003
1050,26.9649049919
1051,31.374530542800002
1052,32.2138993687
1053,29.717311738499998
1054,33.4404380298
1055,37.124989068400005
1056,20.8303577798
1057,33.5516452383
1058,39.9261990312
1059,45.448480754799995
1060,35.1604914673
1061,38.3554941263
1062,41.997002400999996
1063,40.9686822277
1064,23.9615387546
1065,32.0544388383
1066,32.930147140500004
1067,28.3391269267
1068,15.9835920668
1069,26.2520351899
1070,34.1334067242
1071,41.669631629
1072,34.0321448981
1073,28.952410833600002
1074,31.3925683744
1075,22.1940707161
1076,16.8700753937
1077,28.479446396999997
1078,35.8716262936
1079,37.181815675799996
1080,34.533656909499996
1081,34.5868904823
1082,35.4994669415
1083,31.040459495700002
1084,26.760743681199997
1085,29.233989901300003
1086,35.6660731246
1087,37.4919366365
1088,31.096606241
1089,32.736746899699995
1090,31.104415637800003
1091,15.8679005815
1092,9.5467901717
1093,23.2730433962
1094,17.4142641678
1095,15.9732564361
1096,22.8450617411
1097,23.911417447399998
1098,30.3435871123
1099,20.9063163996
1100,40.8319920209
1101,30.034814914499997
1102,44.5156503576
1103,39.898494716
1104,42.9222354431
1105,42.5243626902
1106,35.1168667004
1107,37.086479106999995
1108,32.972440664699995
1109,38.224650576100004
1110,44.6546096824
1111,38.504640449499995
1112,40.8697295006
1113,39.1663821454
1114,48.951392785699994
1115,45.2841914932
1116,39.4284939793
1117,31.2920197164
1118,42.1785503468
1119,38.0696314317
1120,37.6813960838
1121,34.1321475812
1122,39.3572293469
1123,41.686458795300005
1124,35.8819183483
1125,29.919696110700002
1126,35.7032642222
1127,40.606443946199995
1128,44.589173905100004
1129,39.0179690995
1130,19.8625547904
1131,18.3359453407
1132,27.6830910577
1133,19.9076896191
1134,26.089785701100002
1135,16.5238089714
1136,40.4704112806
1137,39.690473594000004
1138,32.989909478200005
1139,27.227152679899998
1140,28.587000683899998
1141,33.6995689752
1142,31.296718577300002
1143,34.7578488512
1144,39.2119422375
1145,34.0695152781
1146,36.1831581977
1147,34.8269453116
1148,33.802917925
1149,26.0329115605
1150,35.079706244899995
1151,33.024918569200004
1152,30.0144067277
1153,42.2431837486
1154,47.407864903100005
1155,50.39641440850001
1156,35.9696182757
1157,38.8085657584
1158,52.0104034687
1159,51.3506432537
1160,51.416012663800004
1161,45.421006606999995
1162,46.352779023100005
1163,45.2395918625
1164,52.2483920904
1165,52.1715108916
1166,36.9413674015
1167,46.6429511992
1168,55.52842273939999
1169,40.7439429176
1170,46.6710668185
1171,46.385933478599995
1172,39.0289815244
1173,41.9152540027
1174,34.8319710478
1175,37.3589346428
1176,43.9766285791
1177,29.810974025
1178,38.6769860163
1179,20.9505435028
1180,31.6343893546
1181,31.3658550806
1182,18.703641881099998
1183,9.2511405162
1184,9.3919534898
1185,9.3524917056
1186,17.911903265899998
1187,33.4786977299
1188,34.2675689818
1189,34.417602000500004
1190,30.0333509603
1191,27.2262514291
1192,28.9752843
1193,31.199716146900002
1194,28.987559950999998
1195,33.7068161267
1196,30.0547628851
1197,31.6685020888
1198,29.7245379302
1199,28.4527704855
1200,34.531719524
1201,31.991220738800003
1202,26.036863517199997
1203,22.0941429294
1204,27.4891577402
1205,26.5217836339
1206,14.518096303699998
1207,19.4777355668
1208,26.245050587399998
1209,30.198886845900002
1210,28.564299529899998
1211,30.095173530500002
1212,30.042859921599998
1213,20.5330227107
1214,17.5838501021
1215,16.8598576754
1216,20.5325248559
1217,23.9590805179
1218,20.6838241587
1219,27.0286634215
1220,28.629550805900003
1221,33.9899011281
1222,29.2176187542
1223,32.690659565
1224,33.7980886569
1225,32.4954279728
1226,28.823608097199998
1227,31.7068953324
1228,33.7273942217
1229,26.260904927600002
1230,25.4712141799
1231,32.281285233
1232,31.6226130075
1233,32.294798393899995
1234,26.3705039239
1235,8.5042261414
1236,8.6365552116
1237,26.5699242532
1238,23.7878894442
1239,23.2348655975
1240,28.487050311399997
1241,33.3434549939
1242,41.78972027
1243,32.8774134279
1244,34.2805086846
1245,31.0212614839
1246,35.1835610331
1247,30.226203930100002
1248,37.639592450100004
1249,22.592142593600002
1250,18.3472554759
1251,38.0528056069
1252,24.1559713526
1253,36.8854113354
1254,40.180015939499995
1255,35.6301855059
1256,21.7288850552
1257,32.1376978409
1258,24.194319718600003
1259,30.258796239200002
1260,41.120700381199995
1261,35.727469033
1262,36.637445301599996
1263,35.531162261999995
1264,36.9699676221
1265,38.1237113889
1266,32.1491311314
1267,28.176344324899997
1268,19.678284671900002
1269,33.3090281915
1270,31.975933264000002
1271,21.6905795741
1272,38.8143135643
1273,32.4428490561
1274,36.775024239299995
1275,26.407230443699998
1276,32.4340389615
1277,30.691168036599997
1278,33.082373182
1279,33.5222769231
1280,26.877959726799997
1281,38.3959676622
1282,36.5486822196
1283,35.3481443562
1284,27.3702605988
1285,31.785994484099998
1286,36.8062611182
1287,27.9978933884
1288,33.4503717233
1289,35.5614106075
1290,22.471910112399996
1291,31.1536167452
1292,33.593443913499996
1293,34.9199224045
1294,42.0250139631
1295,35.8216233649
1296,34.5875233764
1297,30.9194598072
1298,39.107931699
1299,37.0481411123
1300,27.548367242399998
1301,24.030761552399998
1302,37.0451756509
1303,34.808081315
1304,17.1249139257
1305,30.893737256799998
1306,34.304770320500005
1307,36.4883282989
1308,24.3462271576
1309,28.9984651203
1310,28.8066510015
1311,32.087074983600004
1312,32.3121883172
1313,26.0854822605
1314,23.4822144032
1315,28.4871104816
1316,37.9748110486
1317,35.278094171199996
1318,50.9793611809
1319,44.4186089683
1320,37.4425015788
1321,39.6000394512
1322,39.0130594266
1323,36.6787651517
1324,39.3874519122
1325,28.538649696500002
1326,34.5474547525
1327,36.2499442819
1328,29.1298532772
1329,29.9375441258
1330,13.846236519100001
1331,27.166438164200002
1332,30.7096330523
1333,37.4381028312
1334,27.0916318009
1335,26.4826452317
1336,29.7178793316
1337,29.424580129699997
1338,33.9362969576
1339,32.4435519357
1340,29.170326402199997
1341,27.877842505
1342,30.7701565104
1343,36.536126094400004
1344,35.356779618800005
1345,27.3891581949
1346,22.410375788400003
1347,15.2517460663
1348,14.653949743800002
1349,27.794743141599998
1350,7.2384076658000005
1351,18.245818308900002
1352,21.4856074335
1353,21.510336174899997
1354,19.5461826881
1355,15.8577986589
1356,20.4156775331
1357,16.9993450926
1358,21.4735507196
1359,24.5527204204
1360,15.4379786309
1361,8.329067356
1362,26.2936117195
1363,12.337617350499999
1364,17.2157052052
1365,21.370223967
1366,9.8219128842
1367,17.4809219512
1368,19.311093453399998
1369,33.4650225254
1370,22.239627948600003
1371,29.055546530900003
1372,24.9614217005
1373,38.1997246945
1374,20.8667190996
1375,40.689747302600004
1376,42.6118794912
1377,33.8745566123
1378,38.2263035015
1379,33.350159413
1380,31.9956639621
1381,32.9892664412
1382,31.9212137139
1383,28.3807185897
1384,23.493749314000002
1385,27.189805746599998
1386,27.0454680595
1387,33.1433795022
1388,31.0859283507
1389,37.8616432833
1390,29.568192688000003
1391,26.7402029366
1392,28.2674847356
1393,24.7780549205
1394,25.2473741738
1395,27.2705942898
1396,27.016962564499998
1397,24.8738545761
1398,14.507856823900001
1399,14.8811829978
1400,6.668646818099999
1401,19.6008510648
1402,20.9768774894
1403,21.050342232000002
1404,24.5727443309
1405,22.3402645879
1406,15.1891809528
1407,17.6276074839
1408,7.2528429139999995
1409,21.931546449000002
1410,18.8245798369
1411,15.669772656700001
1412,29.4678366975
1413,21.4314211132
1414,15.059893943599999
1415,20.2414491656
1416,17.487500384300002
1417,9.4008407826
1418,19.6032596998
1419,24.558045351300002
1420,19.4077146412
1421,13.303917153199999
1422,24.384830740300004
1423,11.241958926099999
1424,16.676637522100002
1425,6.5762601324
1426,8.8607976287
1427,16.2843732373
1428,27.491690957600003
1429,18.5741821033
1430,19.3203964876
1431,23.8645575894
1432,24.459463873
1433,24.038959023
1434,22.506350731999998
1435,21.481579835100003
1436,20.7479880752
1437,27.7057883731
1438,11.263535512899999
1439,9.1338837197
1440,8.332116857799999
1441,13.0010263814
1442,11.1902463844
1443,27.6160006007
1444,24.042858375799998
1445,25.722950374899998
1446,26.0005432412
1447,27.2149112471
1448,17.6453306322
1449,23.0499265972
1450,18.951347250599998
1451,15.837110699999998
1452,20.7766181952
1453,6.635332169400001
1454,12.6806067373
1455,11.0144913856
1456,8.2670764478
1457,25.425739023600002
1458,17.1293936588
1459,16.9006028642
1460,12.094719529
1461,20.7945477042
1462,22.8245708634
1463,10.9895801632
1464,22.8526423865
1465,15.7954190329
1466,22.090695987399997
1467,27.6238636143
1468,25.224586545300003
1469,25.202561925799998
1470,26.2141275979
1471,24.0661883319
1472,23.37171333
1473,24.1754830183
1474,25.7675713975
1475,20.028934492
1476,26.0230991012
1477,25.950948960999998
1478,27.3828924729
1479,25.363877930999998
1480,16.329698192000002
1481,25.780972080700003
1482,20.5034572123
1483,19.2010409974
1484,22.6199544876
1485,24.7010500658
1486,26.1669143887
1487,7.4445228131
1488,25.0475225494
1489,21.7783991967
1490,27.673749094899996
1491,21.994915572300002
1492,16.0854086329
1493,19.1553050483
1494,41.5091422174
1495,43.4853990497
1496,42.5431942088
1497,43.7896664684
1498,44.638553734700004
1499,40.5674002444
1500,35.7069056835
1501,42.5980290405
1502,41.1739972319
1503,43.05555009060001
1504,12.6866034025
1505,27.2476330174
1506,24.382194371599997
1507,43.0554624401
1508,46.294982833999995
1509,46.7965779114
1510,37.567404341199996
1511,46.8347849971
1512,45.4680396946
1513,45.2423899123
1514,30.316859702
1515,46.0020738204
1516,46.5732930388
1517,43.774281048999995
1518,44.57382114600001
1519,46.2719195337
1520,40.9446075614
1521,41.7195126358
1522,47.7205320309
1523,43.192761905699996
1524,37.9167808764
1525,33.121117095
1526,22.4615817494
1527,25.003110755999998
1528,34.4929445791
1529,33.273651635
1530,36.638246464299996
1531,30.6161216019
1532,45.163104944
1533,45.624808011099994
1534,40.5297478702
1535,41.8790268454
1536,43.45738216
1537,32.3111676917
1538,42.796150159899994
1539,45.966345723900005
1540,47.1615985603
1541,50.506799628100005
1542,41.5466474329
1543,41.3943931412
1544,42.2305655838
1545,45.4849148464
1546,43.2791494579
1547,45.2899174009
1548,43.82032254479999
1549,47.1190518805
1550,45.6571438291
1551,45.2597146467
1552,24.333687524000002
1553,43.825193426400006
1554,44.0663561382
1555,42.5689023915
1556,40.890713
1557,35.0941082895
1558,38.063405561399996
1559,37.2350704719
1560,35.465458694
1561,30.7156443325
1562,30.028012327800003
1563,36.226968093400004
1564,22.373324623800002
1565,31.031233822199997
1566,17.073949218699997
1567,8.4766171644
1568,22.673051533200002
1569,25.014863147699998
1570,29.5839116879
1571,13.724538783
1572,27.326933963000002
1573,21.2970016222
1574,31.8515733952
1575,24.7000339668
1576,31.89963502
1577,35.7635024091
1578,35.5583875679
1579,36.3676515337
1580,38.3830056114
1581,30.292580184499997
1582,24.2222270554
1583,15.833357808599999
1584,31.6281402454
1585,35.464294147800004
1586,33.1413042695
1587,23.2109363633
1588,24.0802164165
1589,27.125148101399997
1590,18.0352306123
1591,15.8813070446
1592,23.2983733238
1593,17.5395164727
1594,25.0954667215
1595,25.9212833742
1596,22.0617381856
1597,9.1013562745
1598,6.6602155588
1599,28.9039970876
1600,19.0377196675
1601,21.7336216366
1602,32.8783979914
1603,32.7448405307
1604,28.148594509699997
1605,13.5513192833
1606,29.816524022800003
1607,40.3640408882
1608,46.6269147562
1609,46.5212747282
1610,33.9679297805
1611,39.2793461256
1612,47.4127281292
1613,36.022089957199995
1614,39.7183646198
1615,38.8833819118
1616,41.041338882
1617,38.5244119589
1618,35.8950875681
1619,52.6011687807
1620,43.8005918796
1621,39.964847866999996
1622,39.5648269995
1623,33.0352978996
1624,39.5697972337
1625,47.560768950100005
1626,47.3075793077
1627,45.2379156066
1628,41.652102941100004
1629,46.097085040399996
1630,44.9817134187
1631,25.5007451914
1632,44.1939415021
1633,39.4990080903
1634,40.7977743236
1635,44.7995751129
1636,42.066639865
1637,36.318487723000004
1638,26.387071120799998
1639,22.251972890300003
1640,27.1046755498
1641,22.854218567199997
1642,28.0736870383
1643,29.502462283499998
1644,36.3779479542
1645,35.3297594196
1646,35.9241024959
1647,37.9219069404
1648,39.6103858502
1649,33.845525549499996
1650,30.9315029598
1651,34.8006362955
1652,36.319692812199996
1653,30.119255491100002
1654,29.9777824858
1655,29.522959530399998
1656,29.9087390128
1657,37.2688017863
1658,43.211212393000004
1659,34.3078314372
1660,24.8681994391
1661,25.952722394099997
1662,19.4263411932
1663,26.731620840300003
1664,18.8218811738
1665,41.1708563183
1666,44.01483507100001
1667,35.2542471223
1668,37.338872604
1669,42.034327580500005
1670,40.8615432845
1671,43.3061634927
1672,41.5816441181
1673,38.6294699923
1674,39.6257687954
1675,40.7048494465
1676,39.039597285
1677,34.3792464668
1678,38.90673233
1679,30.4317418902
1680,25.1229317365
1681,28.1582732479
1682,35.0022849176
1683,38.3858300857
1684,18.3621039073
1685,18.2017009878
1686,25.565455774
1687,24.689180709000002
1688,29.410844216100003
1689,35.4837523454
1690,33.1248341125
1691,38.0447658482
1692,30.2682797585
1693,29.456078963000003
1694,27.716921441599997
1695,29.8665565498
1696,36.0961630861
1697,34.6365789591
1698,35.20221851
1699,30.804903746100003
1700,37.1903953562
1701,43.5068402186
1702,34.1301021309
1703,34.642307155
1704,39.2137951484
1705,42.776249344499995
1706,40.766024791599996
1707,42.6002432351
1708,38.4446693542
1709,40.8647644515
1710,37.343285404
1711,42.8444711429
1712,39.9855500233
1713,40.9057291272
1714,34.0793407971
1715,36.399295457600005
1716,41.806973045999996
1717,39.7926375829
1718,35.2584699121
1719,38.9874175996
1720,38.3423339646
1721,35.9891372871
1722,40.383987949899996
1723,27.971399958400003
1724,29.561972091399998
1725,37.6055867011
1726,35.466249704
1727,36.1734657058
1728,40.7344091468
1729,32.6874275686
1730,34.4409630524
1731,37.6061719717
1732,36.8941713704
1733,25.5312423463
1734,35.4535870169
1735,36.910265013
1736,38.165950451
1737,34.0734367768
1738,24.8168332618
1739,32.921444469899996
1740,37.9226372315
1741,32.582366728400004
1742,33.4634820116
1743,19.0175403894
1744,28.1311601317
1745,16.3952482901
1746,28.210291563200002
1747,22.1391179475
1748,16.200452328
1749,16.290018965999998
1750,22.182564156599998
1751,18.373116591400002
1752,32.790018882199995
1753,23.0418748685
1754,20.0051531066
1755,29.064894452199997
1756,17.498035908800002
1757,12.760147421700001
1758,4.0950821999
1759,14.884798717899999
1760,11.483764239800001
1761,27.2486224199
1762,26.652835088000003
1763,43.1180206308
1764,27.4117094419
1765,32.046108013200005
1766,29.61159731
1767,32.4700916712
1768,33.413435431399996
1769,30.3026144706
1770,30.9764451315
1771,35.633546364299995
1772,32.6957118636
1773,23.6671856754
1774,20.6684552043
1775,27.696511556100003
1776,44.9031709807
1777,37.4060973927
1778,39.602872952800006
1779,38.989812693299996
1780,40.7673609564
1781,41.1622421258
1782,37.3138679292
1783,31.8865261692
1784,31.5319751136
1785,36.6915465108
1786,35.7442001339
1787,33.8318500237
1788,31.917469175300003
1789,35.5428238511
1790,19.4306912459
1791,24.7064545315
1792,23.9371714141
1793,18.4238753427
1794,40.166003371799995
1795,43.0232790214
1796,38.0486519509
1797,37.356737615300005
1798,35.5581673066
1799,41.9198181242
1800,41.7229294394
1801,34.6806572254
1802,40.4712629569
1803,41.9645463486
1804,46.385308281
1805,11.956469491099998
1806,10.943869031199998
1807,15.7876353
1808,14.471759900899999
1809,13.466630703800002
1810,11.514973250699999
1811,11.0756852418
1812,8.9176513939
1813,15.3315942691
1814,13.9061802776
1815,0.0
1816,13.928655465
1817,15.440794408399999
1818,9.5286948118
1819,14.5718501344
1820,8.9122598713
1821,10.4243768923
1822,19.9478524976
1823,27.281679918400002
1824,32.4571854776
1825,29.0689119047
1826,26.9094854286
1827,27.163658980999998
1828,28.7453021369
1829,12.169452556800001
1830,18.5876821915
1831,23.425220706799998
1832,15.1935888821
1833,20.5598129868
1834,13.9880698749
1835,16.2810498344
1836,22.617208770900003
1837,25.839151506500002
1838,39.2799271182
1839,37.624536918800004
1840,39.2090262225
1841,37.0834603544
1842,36.189496190199996
1843,39.538910126
1844,33.869933534
1845,41.7027162663
1846,38.319004838299996
1847,39.0170233064
1848,39.5883312327
1849,21.850820421799998
1850,36.6758619185
1851,35.6078738632
1852,40.5159889638
1853,34.288551253
1854,37.6894751342
1855,31.0533256077
1856,39.8028640419
1857,32.5230720502
1858,29.5420185265
1859,32.758320267100004
1860,26.3968903474
1861,24.4040745502
1862,28.3308750239
1863,26.469397741599998
1864,25.434954233499997
1865,21.4904753475
1866,23.1769527076
1867,28.0276594888
1868,25.7592125447
1869,11.272840421
1870,39.518655087199996
1871,41.2973517712
1872,37.416546398
1873,44.7409533313
1874,23.385122486900002
1875,35.3761763564
1876,22.219316289600002
1877,28.6995841711
1878,29.6418971332
1879,35.320469730700005
1880,34.9077357703
1881,39.0678331846
1882,37.0278873058
1883,45.097791218999994
1884,38.230561197
1885,28.535829038299998
1886,37.2228700748
1887,33.2380964229
1888,32.0422044467
1889,39.6934721948
1890,37.227873101
1891,27.0727628125
1892,33.537065763600005
1893,36.6992976119
1894,31.7980407079
1895,38.5692285635
1896,32.2702013086
1897,29.972733805700003
1898,9.3937358374
1899,23.528937762600002
1900,38.310690429699996
1901,42.0543102956
1902,29.717320611599998
1903,38.9840384183
1904,36.9787544376
1905,34.834302283
1906,42.789870335100005
1907,43.3573838825
1908,38.8560012014
1909,33.138889335900004
1910,38.6821187156
1911,28.277008613499998
1912,33.264485364
1913,33.143576257
1914,24.795842476999997
1915,19.8941524693
1916,37.3462176522
1917,36.5998163245
1918,33.1311582963
1919,42.797286539299996
1920,40.3178513019
1921,37.0892017107
1922,40.3508211177
1923,38.4131117623
1924,39.183149778600004
1925,44.6967912303
1926,30.2498991606
1927,33.8362454378
1928,40.5709669358
1929,29.852594884400002
1930,38.139559042100004
1931,40.6152469599
1932,42.445086250500005
1933,34.15097223
1934,37.2609782642
1935,36.6134795773
1936,35.7339103841
1937,42.6353753043
1938,41.357737685500005
1939,44.965685306000005
1940,43.2510735036
1941,36.9271645024
1942,42.900234250100006
1943,44.3528632033
1944,47.9550606422
1945,43.5637721786
1946,45.683790420600005
1947,36.7883437347
1948,37.1332587283
1949,35.6505884773
1950,32.6339901078
1951,32.9085062268
1952,38.4160742179
1953,36.2024058506
1954,38.8110489347
1955,33.475635317300004
1956,29.805567486799998
1957,40.925430400100005
1958,36.0791200217
1959,38.3152857026
1960,25.5518172921
1961,20.8315432878
1962,37.7604460206
1963,19.367972906600002
1964,31.94528559
1965,34.2830816602
1966,31.405369878000002
1967,15.7046661887
1968,22.451332967
1969,23.3328599121
1970,28.9380248316
1971,35.5909019164
1972,16.5108715093
1973,25.4508009152
1974,19.4661984769
1975,15.7162580926
1976,16.5680185205
1977,18.079777487
1978,7.903010416799999
1979,8.1122883302
1980,23.7033789402
1981,22.5645968082
1982,22.5857043355
1983,30.638000285
1984,22.5451187362
1985,26.359219459499997
1986,31.039091016399997
1987,16.6508881204
1988,15.335648144
1989,16.6366477309
1990,21.109328679
1991,33.4229334277
1992,32.9825532935
1993,33.38737316
1994,25.810572691199997
1995,33.9520205304
1996,24.8397297546
1997,8.738202230299999
1998,21.8819105083
1999,28.019940514800002
2000,18.9213324883
2001,24.791979317600003
2002,23.630019273600002
2003,31.475490759
2004,21.840272009
2005,26.325159485100002
2006,30.262389451100002
2007,30.22255805
2008,36.7852117287
2009,22.7651877605
2010,30.1540613022
2011,26.0937648111
2012,22.1337147334
2013,7.8690132638
2014,31.3210883271
2015,26.879422183600003
2016,26.9982077844
2017,26.9359919741
2018,38.7659068217
2019,28.1375091738
2020,36.9668716881
2021,20.5365455255
2022,18.136376425999998
2023,17.2790731756
2024,8.3351745646
2025,21.934587615599998
2026,21.8767823005
2027,20.2940496712
2028,4.7955468445
2029,8.9520421455
2030,6.0118871652
2031,22.8474971207
2032,9.0363532166
2033,12.5789568065
2034,31.4771767804
2035,21.5272398189
2036,18.5601613946
2037,18.506896075
2038,9.6821996585
2039,23.845454231399998
2040,14.4867420628
2041,21.274312593599998
2042,17.1105179292
2043,26.8284449749
2044,22.252340274899996
2045,21.2243999837
2046,3.2704268324
2047,23.7182746788
2048,6.9632261191
2049,14.549277096700001
2050,15.730968105699999
2051,18.6216938261
2052,14.588719915499999
2053,20.182260783
2054,18.8390890422
2055,19.8641704958
2056,10.938015877
2057,15.9751721463
2058,8.2353222324
2059,4.8362764957
2060,19.1541176579
2061,20.2830001919
2062,4.6547818269
2063,22.226483981199998
2064,19.895454523399998
2065,18.3837624626
2066,5.5960376755
2067,21.0270409668
2068,19.6581246163
2069,11.742616283399999
2070,11.0837744011
2071,3.2379564968
2072,18.4801112856
2073,18.0519650896
2074,17.5267592514
2075,20.0549618038
2076,20.1610133499
2077,22.4925133677
2078,20.3772639903
2079,15.9889811039
2080,12.9523133422
2081,8.0823343686
2082,10.469134355700001
2083,19.4321530635
2084,20.065302099700002
2085,16.4401880196
2086,19.9881663637
2087,10.1859290294
2088,15.7234759414
2089,11.9765135923
2090,16.8135777922
2091,11.7411251187
2092,10.791678915699999
2093,11.2626555673
2094,11.168429749300001
2095,11.9544865666
2096,11.6186313469
2097,16.9965251895
2098,15.5772677498
2099,14.780017600899999
2100,5.1928485543
2101,6.7655630777999995
2102,6.0722272399
2103,6.070710591
2104,14.6481060309
2105,17.4311538851
2106,4.9175531629
2107,16.3212181399
2108,10.5083911225
2109,4.6241224296
2110,17.9857133481
2111,17.081171396600002
2112,13.5820805799
2113,16.866223134600002
2114,13.5118772979
2115,7.3430765887
2116,5.8317317188999995
2117,16.4985976589
2118,19.257365747799998
2119,11.8658196155
2120,11.612082578499999
2121,8.7952449934
2122,7.7731554071
2123,9.6250759923
2124,14.8107202418
2125,15.818386750899998
2126,11.3847175502
2127,4.2735437492
2128,6.5928054974
2129,12.011594535999999
2130,5.7489310611
2131,5.4166980791
2132,9.1973803476
2133,15.8216780176
2134,16.4353120082
2135,16.0956851409
2136,13.913139096199998
2137,12.871129993399999
2138,20.7329865908
2139,13.766958958800002
2140,13.0558427231
2141,17.42584071
2142,17.1479767825
2143,14.2266712156
2144,15.399713576199998
2145,23.3709363361
2146,19.5722696534
2147,17.6542781128
2148,23.971460147
2149,19.5397475027
2150,15.841536135899998
2151,18.9554876334
2152,20.7980920793
2153,11.249589498599999
2154,20.8324460011
2155,24.799959032600004
2156,22.190291631100003
2157,21.8354958071
2158,29.4526202619
2159,25.7977690773
2160,27.5824178739
2161,29.9836161582
2162,26.1438535837
2163,27.272463376799998
2164,30.884615575100003
2165,27.418675190500004
2166,23.3615777852
2167,22.7072787536
2168,27.275561584499997
2169,26.142562208
2170,25.865009403600002
2171,25.1964779068
2172,25.4110601075
2173,22.8293612524
2174,25.3004319239
2175,24.4315628345
2176,25.4195166498
2177,30.7819826281
2178,21.887400777399996
2179,24.8710326864
2180,22.0033996906
2181,21.0455041127
2182,22.567068994699998
2183,29.22722344
2184,27.6857502203
2185,8.099115744199999
2186,30.5253683519
2187,29.7796500441
2188,28.739587192
2189,25.308829474099998
2190,23.473164668699997
2191,28.5083268014
2192,33.3549385706
2193,28.6056701284
2194,25.1608673731
2195,29.3263789058
2196,27.7998409525
2197,27.9805769016
2198,28.1745775662
2199,29.4480798906
2200,29.7098228023
2201,29.2910341388
2202,26.5229842973
2203,28.1209475318
2204,29.4873782644
2205,33.9829763953
2206,33.3290473672
2207,35.66588636
2208,27.259083883000002
2209,30.3114933616
2210,31.869077758899998
2211,32.5130899714
2212,33.037146963299996
2213,30.458143561700002
2214,27.9267044165
2215,32.951922896999996
2216,29.800671340900003
2217,14.398818453299999
2218,14.7876386353
2219,14.2501235487
2220,13.0206075389
2221,16.7322904961
2222,21.0295655906
2223,18.4256921168
2224,33.789025037399995
2225,31.7731418102
2226,18.5497416561
2227,16.8343713364
2228,5.9286697764
2229,13.8800735043
2230,9.2203928803
2231,29.6117109789
2232,37.430764667
2233,33.0161358061
2234,28.1806958658
2235,33.4505927732
2236,21.6704490596
2237,16.8668713092
2238,31.6502787434
2239,31.701663418200003
2240,33.119718404699995
2241,33.2746043172
2242,38.1143290272
2243,41.468048928099996
2244,34.499628289200004
2245,40.4765246993
2246,41.1564789148
2247,33.569466543699995
2248,35.2896882256
2249,33.42822319
2250,31.0698336512
2251,35.2092374133
2252,25.1214010962
2253,34.5162767784
2254,28.8458423375
2255,35.9348176379
2256,24.9123284573
2257,28.1368467189
2258,25.9129366675
2259,21.8361050817
2260,13.3403865726
2261,29.905553120100002
2262,31.371296290100002
2263,30.5751817907
2264,27.335853001500002
2265,36.4252567394
2266,34.936950789899996
2267,31.978728338200003
2268,36.133908570500004
2269,33.731030015900004
2270,30.5365907113
2271,28.3838997047
2272,23.1684439836
2273,38.868626387199996
2274,38.3824094597
2275,41.3267340069
2276,41.9751823066
2277,41.0478659898
2278,34.8432814366
2279,37.379272785
2280,34.2159907792
2281,32.74211778
2282,32.3852369812
2283,39.989697327600005
2284,40.726032845
2285,40.1237000583
2286,37.720712171
2287,39.9091672917
2288,40.1462335646
2289,38.343895439499995
2290,43.570104292799996
2291,39.791231438400004
2292,42.4380773236
2293,41.9895403811
2294,28.7643051657
2295,39.5265621466
2296,41.4019947431
2297,33.5107486131
2298,43.344229013
2299,42.0213554995
2300,33.3023139056
2301,31.3852287204
2302,31.1606672407
2303,31.8053332591
2304,35.544239518699996
2305,25.324171244099997
2306,34.537414468899996
2307,23.7938646892
2308,25.3961776113
2309,28.0698339398
2310,29.046135400300003
2311,22.5949502473
2312,27.346115838000003
2313,20.130407098499997
2314,20.2320345005
2315,22.423075882800003
2316,23.7603703426
2317,23.550760655900003
2318,25.5952519157
2319,23.0720990459
2320,27.3928857362
2321,26.322404167600002
2322,23.9701505639
2323,31.722702657600003
2324,28.592438730900003
2325,26.546377431
2326,24.450559469499996
2327,25.3855627735
2328,26.5154752123
2329,29.4331789983
2330,25.5204055685
2331,25.251890688200003
2332,25.229644480500003
2333,13.0564741881
2334,25.6787408407
2335,20.256151736
2336,17.3854879583
2337,17.6043803636
2338,19.7718878009
2339,15.6284490288
2340,14.701628400499999
2341,19.3790188137
2342,16.2099778569
2343,18.1977650131
2344,18.3908017859
2345,18.4903205721
2346,14.1394108646
2347,12.6281916257
2348,11.408117945
2349,7.609556801
2350,24.578353566799997
2351,13.3421005497
2352,12.046928046700002
2353,10.9781997431
2354,14.3786818105
2355,11.6369431724
2356,7.8519689113
2357,12.8241290026
2358,10.6100343288
2359,8.6574002918
2360,28.3645432486
2361,26.5312958763
2362,23.5984513543
2363,14.7630428791
2364,12.0203639809
2365,8.949936598999999
2366,9.116521185
2367,19.1475005827
2368,16.3820027788
2369,14.1531082022
2370,8.5080947973
2371,16.5173091792
2372,12.832259345499999
2373,14.4588589946
2374,11.287716507899999
2375,8.0189276797
2376,7.6771450579
2377,6.882664853
2378,10.6189265513
2379,5.2094282532
2380,11.4842855827
2381,12.136575543900001
2382,15.3769320451
2383,17.203167152
2384,14.4431780628
2385,14.7415990616
2386,11.661675593499998
2387,22.346980975100003
2388,25.2874655716
2389,26.463380481199998
2390,27.1287776999
2391,21.7008678604
2392,30.664165032399996
2393,12.1718016004
2394,6.388322144299999
2395,15.843139262200001
2396,16.7712232525
2397,10.8622572362
2398,10.6792609314
2399,15.4837306273
2400,17.2189180346
2401,25.510298897800002
2402,9.2663187109
2403,11.0471056023
2404,22.2570498083
2405,23.0669752927
2406,16.0533584939
2407,37.832231129499995
2408,38.4667073773
2409,32.8478779062
2410,34.5077742456
2411,23.576372904099998
2412,29.1904014238
2413,23.821986832600004
2414,20.9186484202
2415,19.107478617
2416,18.589115486300003
2417,30.629138175
2418,30.1505424371
2419,21.326849491199997
2420,14.115076679200001
2421,16.2127987352
2422,21.6302763691
2423,21.79300189
2424,37.3466813052
2425,31.427885154699997
2426,29.5782391717
2427,32.6494880575
2428,21.9264008137
2429,33.5383957286
2430,33.7284516969
2431,30.2778207276
2432,26.9097349527
2433,24.270292846799997
2434,18.9777046898
2435,30.8707007725
2436,24.3981406885
2437,26.889673851799998
2438,36.9915538216
2439,35.6778914526
2440,39.7829878356
2441,31.3916548974
2442,25.986238294899998
2443,30.6399457163
2444,32.5936107698
2445,31.787412853200003
2446,34.3869694417
2447,32.3625899854
2448,20.2410466699
2449,33.7755593745
2450,27.6455136475
2451,31.1921401673
2452,19.7578800776
2453,32.807323926900004
2454,30.8638816098
2455,28.971306949200002
2456,35.0241744983
2457,26.208871188299998
2458,21.384099847799998
2459,22.3284499781
2460,18.7839014967
2461,20.165718488499998
2462,27.5340148699
2463,15.9782710718
2464,22.9524016328
2465,7.2599181196
2466,9.4814710162
2467,27.4806274353
2468,25.765580854099998
2469,27.2444285983
2470,19.8303236598
2471,25.875195325
2472,24.3269218117
2473,19.8012667728
2474,21.8039871675
2475,16.1866686258
2476,17.9225428101
2477,23.1455033162
2478,15.013844835499999
2479,24.7750851727
2480,25.4881766248
2481,26.8777280557
2482,26.5578437273
2483,27.2429412128
2484,24.917511734899996
2485,23.685040158899998
2486,22.3761116354
2487,26.2959911965
2488,28.2004155081
2489,29.4052080998
2490,26.120698664099997
2491,26.5748691434
2492,32.1317218498
2493,24.987739945300003
2494,17.4732317363
2495,18.4558828103
2496,30.8965532021
2497,23.8844260656
2498,17.757526712
2499,14.8211504619
2500,15.0678069601
2501,16.043726663
2502,10.571388774099999
2503,12.608642333299999
2504,27.8267899002
2505,21.848333844899997
2506,24.2858802174
2507,23.834561789000002
2508,28.8469904316
2509,18.178241264
2510,14.7446320853
2511,15.893177662200001
2512,25.0327021817
2513,13.8444321802
2514,26.092900854499998
2515,29.5444129404
2516,31.158878328000004
2517,9.195775724199999
2518,33.3419581293
2519,34.9770196909
2520,34.5470783592
2521,31.5062205215
2522,31.5649139523
2523,31.7758344871
2524,33.359705897
2525,31.3857969633
2526,35.2512064207
2527,35.512641684
2528,34.5762970565
2529,20.6825372757
2530,31.5891901075
2531,23.1389823249
2532,9.6708604541
2533,17.273132886
2534,17.457954124300002
2535,30.626286588400003
2536,14.565190882000001
2537,11.9166891943
2538,12.760049367
2539,19.908133481500002
2540,25.2855052856
2541,12.4647934628
2542,22.138474321100002
2543,8.555522678400001
2544,20.1126812957
2545,23.798723388600003
2546,15.7125989227
2547,24.250153081399997
2548,22.3829990617
2549,23.766168135500003
2550,24.726711111799997
2551,24.661475808800002
2552,15.245326829300001
2553,21.9169584698
2554,17.2122112196
2555,32.8735894801
2556,35.2967220782
2557,30.0471489142
2558,23.029679111100002
2559,30.658739579099997
2560,34.7816416503
2561,27.625906794099997
2562,31.526849595300003
2563,36.5538661728
2564,19.2851656415
2565,29.8131946027
2566,24.106688755900002
2567,32.1050467437
2568,33.1699029446
2569,30.380548805300002
2570,34.8133718302
2571,34.467553977
2572,30.1697010329
2573,31.9137333871
2574,31.9753243049
2575,31.910329525
2576,31.4508337252
2577,32.683170205500005
2578,20.764488585
2579,21.2466621214
2580,22.7122754808
2581,11.1840424749
2582,19.4514649282
2583,8.9150617132
2584,21.6795770056
2585,28.109590242
2586,12.446715772000001
2587,26.928171674699996
2588,31.129539954000002
2589,28.4852113598
2590,29.7730606379
2591,34.9532272814
2592,27.7774236921
2593,31.9427108067
2594,42.476868610100006
2595,41.7215713206
2596,33.2556430845
2597,34.1321566794
2598,36.463307241100004
2599,29.1087123257
2600,12.5081894789
2601,23.0901686921
2602,17.2703923856
2603,19.9736445337
2604,22.948814298800002
2605,19.2299838849
2606,21.53595179
2607,18.9339717765
2608,21.7157304848
2609,21.4205330576
2610,19.4395053297
2611,27.4903248129
2612,24.780683781300002
2613,22.11973603
2614,10.195158795
2615,7.9637651061
2616,10.488806330700001
2617,12.7667581624
2618,12.585466736099999
2619,25.0572006378
2620,6.065606487799999
2621,26.163359069699997
2622,27.939379899200002
2623,27.980369892800002
2624,19.145729593800002
2625,27.6381224129
2626,30.638805376700002
2627,8.5539141513
2628,8.9824485966
2629,6.4247274841
2630,17.4689051802
2631,21.6314088317
2632,30.507699061100002
2633,29.312893439499998
2634,28.484844315700002
2635,25.447194356999997
2636,22.3969923943
2637,24.668578354
2638,23.0086892405
2639,7.507126175700001
2640,24.047772555300003
2641,30.126072530100004
2642,16.0560464651
2643,21.701611338400003
2644,18.100165466300002
2645,29.270637203000003
2646,14.196852118299999
2647,9.1473498967
2648,17.9839399924
2649,15.801809526900001
2650,18.283034207
2651,19.1609011174
2652,22.8657128256
2653,5.5720891703
2654,12.6265137868
2655,18.792936331
2656,16.960093411400003
2657,18.0909813666
2658,14.8017074222
2659,23.2323713923
2660,12.4216674895
2661,21.3375574951
2662,25.3573524085
2663,12.077156263800001
2664,13.3988323218
2665,13.5180937648
2666,10.0212358178
2667,18.5408303403
2668,19.2910566016
2669,16.576150908
2670,2.672208535
2671,15.4632536006
2672,12.833022442
2673,20.2255761626
2674,17.1288508118
2675,5.9411225300999995
2676,19.713385932
2677,25.7213670832
2678,9.026423041000001
2679,18.8416658381
2680,20.4793668335
2681,19.3852788547
2682,25.0491883294
2683,21.998120164
2684,18.5625877447
2685,16.1430470182
2686,17.73178938
2687,23.6574531802
2688,21.1052643706
2689,6.4385741454
2690,13.732329258800002
2691,16.695776553800002
2692,14.5484551323
2693,24.2376428819
2694,5.8112352813
2695,14.776044758
2696,16.758903196
2697,24.8597907883
2698,8.718350277599999
2699,12.7474407112
2700,12.3828997686
2701,11.8631958953
2702,16.1128044373
2703,15.3328539874
2704,22.600544717800002
2705,20.302466587999998
2706,14.059158433099999
2707,9.8286344347
2708,13.7309362026
2709,11.793101005
2710,20.988197946099998
2711,26.055364971
2712,15.540572049300001
2713,14.387417815
2714,14.9007279476
2715,15.4152208105
2716,12.751142333299999
2717,13.5290187631
2718,13.1341475568
2719,20.871390623299998
2720,16.341407343
2721,12.137144456
2722,16.7049812173
2723,16.897771073599998
2724,15.0963698053
2725,8.8217072956
2726,19.3131939458
2727,13.5449399129
2728,14.8646648185
2729,18.2412770124
2730,16.956510893900003
2731,12.1851524344
2732,7.2461607046
2733,22.0563081418
2734,11.2587583579
2735,15.9217826532
2736,10.0534016836
2737,10.3637205467
2738,16.8418909218
2739,13.726626517
2740,24.984358651300003
2741,21.542519572199996
2742,21.951691128
2743,22.221984006
2744,17.6455385884
2745,9.1267449036
2746,22.6102110396
2747,21.3935427855
2748,24.060914231799998
2749,25.201987329899996
2750,11.672651881099998
2751,20.945221383699998
2752,22.2251613056
2753,16.0324068626
2754,26.7303012983
2755,24.5104796634
2756,10.176949285900001
2757,6.695258526799999
2758,13.030234025499999
2759,7.534847129299999
2760,5.5503448073
2761,9.5553635736
2762,17.3969798634
2763,21.358314414000002
2764,10.378743716
2765,12.7125010366
2766,25.564769730100004
2767,22.9215897901
2768,21.9172521682
2769,17.7447072252
2770,23.549453754
2771,23.7541647758
2772,21.0482768148
2773,13.648116353299999
2774,24.6489776154
2775,24.2104884756
2776,27.1245994482
2777,26.3474126915
2778,20.631719621600002
2779,15.3531032825
2780,26.3210449721
2781,19.7889770179
2782,28.5602152918
2783,19.5812586319
2784,16.5810501187
2785,7.913340099
2786,23.7200878367
2787,20.2743546484
2788,19.1828308734
2789,32.2234112424
2790,36.114255529299996
2791,34.3586942943
2792,13.553845675
2793,28.7367228146
2794,34.8260173342
2795,32.4794171768
2796,37.5381061492
2797,38.3649335354
2798,42.055678844
2799,33.0543049868
2800,40.617497432
2801,35.513380840500005
2802,34.0929086352
2803,29.2023120602
2804,5.4438229551
2805,21.3153423796
2806,20.4579306346
2807,24.3276789302
2808,29.0620832705
2809,21.859571397399996
2810,32.9087191835
2811,29.4139629011
2812,30.5930956463
2813,26.1771198083
2814,21.4395772606
2815,29.0652326094
2816,15.2887421558
2817,6.3934796535
2818,15.6680001601
2819,13.238795256700001
2820,17.6395234482
2821,12.4576803515
